Initial Point;Final Point;Total Cost;Expanded States;Execution time
128,199;129,189;11.5;23;0.0010573863983154297
151,214;132,199;26.5;80;0.004736900329589844
102,158;95,125;36.5;216;0.012551069259643555
102,203;126,188;42.5;373;0.025129079818725586
231,93;211,126;47.5;194;0.010560750961303711
227,80;224,124;51.0;152;0.008882284164428711
130,11;83,27;55.0;434;0.026477813720703125
183,211;132,195;59.0;544;0.03379011154174805
251,26;239,79;64.0;325;0.020436763763427734
185,232;187,173;67.0;407;0.02733778953552246
88,254;66,218;77.5;1077;0.07372093200683594
89,208;93,129;86.0;460;0.03542375564575195
27,217;87,227;86.0;1836;0.157820463180542
146,34;136,99;87.0;1836;0.1759016513824463
167,173;232,224;93.0;848;0.06012392044067383
58,18;149,22;95.0;615;0.049237728118896484
12,228;97,201;98.5;1434;0.10585594177246094
138,225;83,166;98.5;1510;0.18755435943603516
143,218;52,203;98.5;929;0.07187104225158691
184,193;129,247;99.0;2254;0.2825648784637451
109,199;12,208;101.5;838;0.053186655044555664
107,145;38,205;113.0;1274;0.0941472053527832
92,218;184,181;115.0;2240;0.2328183650970459
193,73;246,155;122.5;1793;0.14477086067199707
174,14;47,13;127.5;254;0.03100299835205078
98,64;67,165;128.0;1932;0.15320634841918945
210,14;245,126;129.5;832;0.04523491859436035
110,12;158,116;132.0;1759;0.12665367126464844
111,225;209,247;136.5;3377;0.45578622817993164
206,178;221,130;141.0;3401;0.3129274845123291
58,215;197,210;146.5;890;0.07324409484863281
213,79;104,12;153.0;1703;0.19648528099060059
174,14;53,61;154.5;3345;0.45595645904541016
107,107;174,224;158.0;608;0.04340863227844238
175,196;25,217;162.0;2341;0.18796420097351074
251,25;92,13;166.0;659;0.04974532127380371
48,107;147,205;167.0;1667;0.12162256240844727
109,23;20,118;167.5;3670;0.405179500579834
85,17;164,127;169.0;3649;0.3167879581451416
242,243;228,81;169.5;1161;0.08243298530578613
248,41;96,27;170.0;2990;0.2680816650390625
139,20;47,95;173.0;6309;0.934730052947998
34,60;112,161;174.0;2019;0.17212748527526855
35,22;99,134;177.5;2334;0.21845293045043945
74,96;158,39;177.5;3431;0.30892181396484375
104,224;240,165;180.5;6046;0.9125645160675049
86,165;64,8;183.5;2047;0.19818115234375
197,200;22,218;184.0;2790;0.24881768226623535
249,212;145,129;191.5;6903;0.9481070041656494
95,104;199,37;193.0;3310;0.27515697479248047
67,106;16,217;198.0;5198;0.4678471088409424
144,186;16,140;202.5;7614;1.11092209815979
129,252;44,200;207.5;2886;0.20606541633605957
33,186;222,222;208.0;3331;0.2652442455291748
95,165;74,69;214.0;7516;0.8325297832489014
45,11;131,132;218.5;6849;0.7433648109436035
160,76;219,176;226.0;7208;0.7628765106201172
33,218;26,98;226.5;5702;0.5350232124328613
232,113;99,205;230.0;4670;0.40006065368652344
101,200;34,49;232.0;7121;1.168717861175537
23,57;32,171;232.0;5406;0.41519975662231445
84,199;43,20;232.5;5236;0.7856755256652832
72,207;60,11;233.5;3912;0.5178484916687012
127,222;236,88;233.5;6361;0.8344926834106445
210,114;53,6;235.0;4305;0.5221474170684814
246,154;122,9;235.0;3573;0.28928494453430176
146,35;24,66;238.0;9685;1.3674521446228027
59,7;136,204;241.5;3546;0.28715014457702637
92,222;32,49;242.5;7409;1.3889801502227783
248,214;147,47;245.5;6196;0.8486855030059814
34,62;114,223;246.0;4198;0.4161527156829834
43,95;220,216;250.5;4071;0.38363099098205566
85,193;221,120;251.0;10336;1.5948913097381592
110,227;22,51;252.5;7950;1.5204901695251465
71,30;167,204;252.5;3882;0.3423779010772705
68,59;245,79;257.0;6367;0.998175859451294
236,125;65,162;267.5;6436;0.5758481025695801
155,70;209,254;268.0;5604;0.5959432125091553
88,7;34,244;277.0;5217;1.0108857154846191
233,31;143,174;279.5;10905;1.299556016921997
106,232;137,45;283.0;10663;1.6321048736572266
218,32;168,255;284.5;7385;1.2796802520751953
170,13;187,197;288.0;10473;1.5543317794799805
129,42;197,217;288.5;9028;0.9769535064697266
53,218;155,58;303.0;13097;2.128969430923462
107,15;208,243;311.5;13473;3.695618152618408
245,12;145,248;315.0;8297;1.130110263824463
166,41;86,254;316.5;7849;0.8050570487976074
200,249;147,16;320.5;9530;1.531515121459961
225,229;32,55;322.5;10898;2.333798885345459
51,226;231,77;325.0;12463;2.0199427604675293
146,75;43,217;325.0;9723;1.1359379291534424
45,200;215,80;329.5;15037;2.4899816513061523
29,126;125,142;349.5;17575;2.5039937496185303
29,167;197,106;355.0;17252;2.580202341079712
181,123;19,213;359.0;9152;0.8248922824859619
138,133;26,160;365.0;13545;1.8140718936920166
249,134;34,130;371.0;23628;5.279866933822632
213,75;18,221;371.5;11983;1.1705374717712402
244,213;54,68;380.5;27136;5.68588924407959
