Initial Point;Final Point;Total Cost;Expanded States;Execution time
101,200;34,49;232.0;5220;1.059152603149414
102,158;95,125;36.5;34;0.003320455551147461
102,203;126,188;42.5;268;0.01952958106994629
104,224;240,165;180.5;2588;0.4351928234100342
106,232;137,45;283.0;8976;1.532285451889038
107,107;174,224;158.0;185;0.009550809860229492
107,145;38,205;113.0;98;0.00909566879272461
107,15;208,243;311.5;9780;2.744915723800659
109,199;12,208;101.5;175;0.017767906188964844
109,23;20,118;167.5;232;0.02509140968322754
110,12;158,116;132.0;144;0.014930963516235352
110,227;22,51;252.5;4229;0.8050906658172607
111,225;209,247;136.5;2241;0.30379652976989746
12,228;97,201;98.5;86;0.009254693984985352
127,222;236,88;233.5;2707;0.5035035610198975
128,199;129,189;11.5;17;0.0007722377777099609
129,252;44,200;207.5;1063;0.07333016395568848
129,42;197,217;288.5;7610;1.1309940814971924
130,11;83,27;55.0;81;0.005358457565307617
138,133;26,160;365.0;7979;1.1100761890411377
138,225;83,166;98.5;88;0.007497072219848633
139,20;47,95;173.0;4722;0.9216859340667725
143,218;52,203;98.5;92;0.012526988983154297
144,186;16,140;202.5;4752;0.6804814338684082
146,34;136,99;87.0;1589;0.18957209587097168
146,35;24,66;238.0;8734;1.271860122680664
146,75;43,217;325.0;6397;0.9632167816162109
151,214;132,199;26.5;20;0.0015637874603271484
155,70;209,254;268.0;4462;0.5638375282287598
160,76;219,176;226.0;5964;0.6606895923614502
166,41;86,254;316.5;5540;0.8983359336853027
167,173;232,224;93.0;74;0.0053539276123046875
170,13;187,197;288.0;9075;1.3926031589508057
174,14;47,13;127.5;128;0.02371382713317871
174,14;53,61;154.5;2650;0.4096357822418213
175,196;25,217;162.0;1478;0.35016489028930664
181,123;19,213;359.0;5662;1.0500988960266113
183,211;132,195;59.0;52;0.003609180450439453
184,193;129,247;99.0;1127;0.14487433433532715
185,232;187,173;67.0;105;0.009004831314086914
193,73;246,155;122.5;111;0.008920431137084961
197,200;22,218;184.0;1926;0.5385222434997559
200,249;147,16;325.5;6668;1.0949347019195557
206,178;221,130;141.0;2864;0.29474878311157227
210,114;53,6;235.0;209;0.021564960479736328
210,14;245,126;129.5;167;0.015560388565063477
213,75;18,221;371.5;7864;1.7311902046203613
213,79;104,12;157.0;145;0.012473106384277344
218,32;168,255;284.5;6328;1.2022767066955566
225,229;32,55;325.0;2865;1.0488808155059814
227,80;224,124;51.0;131;0.007340669631958008
231,93;211,126;47.5;47;0.0027713775634765625
232,113;99,205;230.0;2585;0.32750391960144043
233,31;143,174;279.5;10038;2.0226075649261475
23,57;32,171;232.0;4625;0.4143991470336914
236,125;65,162;269.0;4415;0.48543882369995117
242,243;228,81;169.5;605;0.07210326194763184
244,213;54,68;384.0;25171;8.280295372009277
245,12;145,248;315.0;8082;2.3071634769439697
246,154;122,9;235.0;205;0.017013072967529297
248,214;147,47;245.5;2707;0.47416186332702637
248,41;96,27;170.0;2759;0.5415515899658203
249,134;34,130;372.5;17645;3.622204065322876
249,212;145,129;191.5;5688;1.2977032661437988
251,25;92,13;166.5;163;0.062473297119140625
251,26;239,79;64.0;277;0.02062392234802246
27,217;87,227;86.0;1456;0.15537548065185547
29,126;125,142;349.5;15791;2.537350654602051
29,167;197,106;355.0;14787;2.601555824279785
33,186;222,222;208.0;1132;0.22069191932678223
33,218;26,98;226.5;4478;0.48064279556274414
34,60;112,161;174.0;284;0.021771669387817383
34,62;114,223;246.0;2667;0.456514835357666
35,22;99,134;177.5;657;0.05186104774475098
43,95;220,216;250.5;230;0.024721145629882812
45,11;131,132;218.5;6479;1.292250156402588
45,200;215,80;329.5;11752;2.5430896282196045
48,107;147,205;167.0;171;0.012376546859741211
51,226;231,77;325.0;7600;2.081627130508423
53,218;155,58;303.0;11707;2.5106568336486816
58,18;149,22;95.0;536;0.059313058853149414
58,215;197,210;146.5;331;0.03564572334289551
59,7;136,204;241.5;658;0.09537696838378906
67,106;16,217;198.0;3166;0.3327507972717285
68,59;245,79;257.0;2694;0.2741658687591553
71,30;167,204;252.5;1312;0.13459229469299316
72,207;60,11;233.5;2588;0.35483860969543457
74,96;158,39;177.5;2733;0.32792043685913086
84,199;43,20;232.5;3084;0.5004205703735352
85,17;164,127;169.0;2172;0.37574267387390137
85,193;221,120;251.0;7885;1.1944711208343506
86,165;64,8;183.5;1316;0.15390229225158691
88,254;66,218;77.5;929;0.0707545280456543
88,7;34,244;277.0;4452;0.6390283107757568
89,208;93,129;86.0;305;0.024659395217895508
92,218;184,181;115.5;487;0.05999588966369629
92,222;32,49;242.5;5325;1.1895935535430908
95,104;199,37;193.0;1926;0.18876409530639648
95,165;74,69;214.0;6094;0.7515096664428711
98,64;67,165;128.0;1099;0.15025091171264648