Initial Point;Final Point;Total Cost;Expanded States;Execution time
101,200;34,49;299.5;2284;0.0819542407989502
102,158;95,125;36.5;34;0.0019631385803222656
102,203;126,188;42.5;55;0.002418994903564453
104,224;240,165;226.0;645;0.02386021614074707
106,232;137,45;335.0;1090;0.04086923599243164
107,107;174,224;158.5;129;0.005451679229736328
107,145;38,205;113.0;98;0.004076719284057617
107,15;208,243;348.0;918;0.033112525939941406
109,199;12,208;105.0;105;0.004433631896972656
109,23;20,118;171.5;156;0.0054433345794677734
110,12;158,116;133.0;116;0.0044498443603515625
110,227;22,51;413.5;2832;0.09978246688842773
111,225;209,247;160.0;884;0.03126859664916992
12,228;97,201;98.5;86;0.003945350646972656
127,222;236,88;297.0;738;0.026433467864990234
128,199;129,189;11.5;13;0.00045013427734375
129,252;44,200;227.0;958;0.034882545471191406
129,42;197,217;317.0;1969;0.06995677947998047
130,11;83,27;59.0;94;0.003843545913696289
138,133;26,160;460.5;7447;0.26436448097229004
138,225;83,166;99.5;85;0.0037431716918945312
139,20;47,95;188.5;3202;0.11438941955566406
143,218;52,203;98.5;92;0.004190683364868164
144,186;16,140;213.5;3366;0.11994338035583496
146,34;136,99;99.5;153;0.005894899368286133
146,35;24,66;305.0;2700;0.09786558151245117
146,75;43,217;381.5;7155;0.25296545028686523
151,214;132,199;26.5;20;0.0013933181762695312
155,70;209,254;294.5;1253;0.044785499572753906
160,76;219,176;241.0;1113;0.03912019729614258
166,41;86,254;399.0;4677;0.16837191581726074
167,173;232,224;94.0;72;0.0034363269805908203
170,13;187,197;357.5;2867;0.10213303565979004
174,14;47,13;127.5;128;0.005718231201171875
174,14;53,61;238.0;2463;0.09039306640625
175,196;25,217;178.5;282;0.011611461639404297
181,123;19,213;569.5;7528;0.26738524436950684
183,211;132,195;59.0;52;0.002384662628173828
184,193;129,247;118.5;3245;0.12321853637695312
185,232;187,173;67.0;99;0.004102468490600586
193,73;246,155;122.5;111;0.004439353942871094
197,200;22,218;203.5;328;0.012669563293457031
200,249;147,16;391.0;1306;0.047840118408203125
206,178;221,130;163.5;1293;0.04624176025390625
210,114;53,6;235.0;207;0.007748603820800781
210,14;245,126;131.5;177;0.006345510482788086
213,75;18,221;643.5;7550;0.27509331703186035
213,79;104,12;158.0;140;0.005372762680053711
218,32;168,255;457.5;4185;0.14783310890197754
225,229;32,55;367.0;530;0.019964933395385742
227,80;224,124;53.0;84;0.0033800601959228516
231,93;211,126;47.5;42;0.002046823501586914
232,113;99,205;559.5;4695;0.16880321502685547
233,31;143,174;509.5;5203;0.1842939853668213
23,57;32,171;261.0;2906;0.10470342636108398
236,125;65,162;273.0;967;0.03417634963989258
242,243;228,81;190.5;925;0.03232145309448242
244,213;54,68;408.0;4241;0.15474200248718262
245,12;145,248;542.0;5388;0.19057941436767578
246,154;122,9;235.0;203;0.007539987564086914
248,214;147,47;402.0;1643;0.061551809310913086
248,41;96,27;176.0;205;0.0075838565826416016
249,134;34,130;496.0;4828;0.17234134674072266
249,212;145,129;487.5;12473;0.4583168029785156
251,25;92,13;166.5;163;0.0068531036376953125
251,26;239,79;65.5;76;0.003156423568725586
27,217;87,227;106.5;340;0.01299428939819336
29,126;125,142;434.5;12859;0.46516990661621094
29,167;197,106;385.0;5231;0.18732571601867676
33,186;222,222;242.5;438;0.016204833984375
33,218;26,98;268.5;2396;0.08619308471679688
34,60;112,161;178.5;200;0.007095813751220703
34,62;114,223;259.0;317;0.011042356491088867
35,22;99,134;183.5;208;0.007120847702026367
43,95;220,216;251.5;205;0.008289337158203125
45,11;131,132;279.5;12201;0.45347094535827637
45,200;215,80;412.5;2151;0.07781386375427246
48,107;147,205;168.0;139;0.005501508712768555
51,226;231,77;430.0;1771;0.06956815719604492
53,218;155,58;332.0;956;0.034781455993652344
58,18;149,22;104.0;112;0.004911899566650391
58,215;197,210;147.5;153;0.006348848342895508
59,7;136,204;262.0;1305;0.04578208923339844
67,106;16,217;221.0;3060;0.11116671562194824
68,59;245,79;293.0;2832;0.10941696166992188
71,30;167,204;275.0;1305;0.04632759094238281
72,207;60,11;321.5;3824;0.13737726211547852
74,96;158,39;193.0;531;0.019350051879882812
84,199;43,20;271.5;5095;0.1819159984588623
85,17;164,127;489.5;10527;0.38344836235046387
85,193;221,120;330.0;2287;0.08019661903381348
86,165;64,8;206.0;1652;0.05829763412475586
88,254;66,218;80.5;214;0.008170604705810547
88,7;34,244;323.0;4813;0.16845011711120605
89,208;93,129;92.5;117;0.00455927848815918
92,218;184,181;117.0;113;0.004777193069458008
92,222;32,49;385.0;2422;0.0872492790222168
95,104;199,37;212.5;281;0.010540485382080078
95,165;74,69;236.0;2767;0.09911346435546875
98,64;67,165;166.0;782;0.028818845748901367