Initial Point;Final Point;Total Cost;Expanded States;Execution time
128,199;129,189;11.5;6426;0.2166602611541748
151,214;132,199;26.5;192136;6.795686721801758
102,158;95,125;36.5;414877;14.472888469696045
102,203;126,188;42.5;914815;32.50795078277588
231,93;211,126;47.5;529645;17.86253523826599
227,80;224,124;51.0;858782;29.94784665107727
130,11;83,27;55.0;2180651;76.84994077682495
183,211;132,195;59.0;3800678;137.96391987800598
251,26;239,79;64.0;2007591;70.2396833896637
185,232;187,173;67.0;3816600;137.31091785430908
88,254;66,218;77.5;4156214;149.5253655910492
89,208;93,129;86.0;13456356;484.5930390357971
27,217;87,227;86.0;10917703;411.1455957889557
146,34;136,99;87.0;14231590;517.7133419513702
167,173;232,224;93.0;15029554;540.7206449508667
58,18;149,22;95.0;11622402;420.50293707847595
12,228;97,201;98.5;10722782;391.0644497871399
138,225;83,166;98.5;21845499;808.5522503852844
143,218;52,203;98.5;23697540;865.2234561443329
184,193;129,247;99.0;23945794;870.3839817047119
109,199;12,208;101.5;22711387;820.2954609394073
107,145;38,205;113.0;22806713;784.2577817440033
92,218;184,181;115.0;34295156;1245.4473977088928
193,73;246,155;122.5;31817639;1119.315448999405
174,14;53,61;154.5;78926624;2905.215795516968
98,64;67,165;128.0;33191577;1215.4987018108368
210,14;245,126;129.5;35478455;1292.0722124576569
110,12;158,116;132.0;51501418;1882.069685459137
111,225;209,247;136.5;68924917;2514.61786031723
206,178;221,130;141.0;59304207;2144.9700458049774
58,215;197,210;146.5;71565466;2623.4748799800873
213,79;104,12;153.0;66189743;2373.730989933014
174,14;53,61;154.5;78926624;2905.215795516968
107,107;174,224;158.0;73850107;2634.735636472702
175,196;25,217;162.0;127138294;4833.390216350555
251,25;92,13;166.0;56997152;2075.5364911556244
48,107;147,205;167.0;84551870;3041.4086623191833
109,23;20,118;167.5;126075866;4495.922616958618
85,17;164,127;169.0;109754466;3970.978921175003
242,243;228,81;169.5;70833520;2565.9336128234863
248,41;96,27;170.0;67187822;2372.0909326076508
139,20;47,95;173.0;141215032;5094.9348912239075
34,60;112,161;174.0;53767903;1906.9292087554932
35,22;99,134;177.5;45782224;1658.8006312847137
74,96;158,39;177.5;96375078;3437.867097377777
104,224;240,165;180.5;179703099;6624.387167215347
86,165;64,8;183.5;176909198;6255.930524587631
197,200;22,218;184.0;180908020;6661.98064994812
249,212;145,129;191.5;153891306;5567.098870754242
95,104;199,37;193.0;173972527;6287.682035446167
67,106;16,217;198.0;167146735;6051.525002479553
144,186;16,140;202.5;288509357;10366.70256972313
129,252;44,200;207.5;111363323;3956.873916864395
33,186;222,222;208.0;177705678;6316.612558364868
95,165;74,69;214.0;318136076;11182.271693468094
45,11;131,132;218.5;133914240;5195.691162109375
160,76;219,176;226.0;312691185;10924.411751270294
33,218;26,98;226.5;232726898;8555.234804868698
232,113;99,205;230.0;261759628;9229.841391086578
101,200;34,49;232.0;388970050;14040.340878248215
23,57;32,171;232.0;153863977;5737.694728851318
84,199;43,20;232.5;391754043;14502.886126279831
72,207;60,11;233.5;382838521;14356.98734664917
127,222;236,88;233.5;425636540;15735.94071483612
210,114;53,6;235.0;266600112;9830.68081688881
246,154;122,9;235.0;288008010;10696.477506875992
146,35;24,66;238.0;399994665;14763.747015237808
59,7;136,204;241.5;263693329;9756.65901851654
92,222;32,49;242.5;421746701;16219.00817322731
248,214;147,47;245.5;366967947;13797.370633602142
