Initial Point;Final Point;Total Cost;Expanded States;Execution time
128,199;129,189;11.5;297;0.017038583755493164
151,214;132,199;26.5;1339;0.09648609161376953
102,158;95,125;36.5;1282;0.07139778137207031
102,203;126,188;42.5;2669;0.20658588409423828
231,93;211,126;47.5;1375;0.07429313659667969
227,80;224,124;51.0;1517;0.08432388305664062
130,11;83,27;55.0;3467;0.2724137306213379
183,211;132,195;59.0;5660;0.5845386981964111
251,26;239,79;64.0;1968;0.10573720932006836
185,232;187,173;67.0;4678;0.40828824043273926
88,254;66,218;77.5;3270;0.20673775672912598
89,208;93,129;86.0;8422;0.8211710453033447
27,217;87,227;86.0;4148;0.271953821182251
146,34;136,99;87.0;6764;0.5510280132293701
167,173;232,224;93.0;8398;0.8069512844085693
58,18;149,22;95.0;4532;0.28801941871643066
12,228;97,201;98.5;3799;0.22059273719787598
138,225;83,166;98.5;9595;0.9304177761077881
143,218;52,203;98.5;10390;1.0662176609039307
184,193;129,247;99.0;9871;0.9916141033172607
109,199;12,208;101.5;10408;1.0527217388153076
107,145;38,205;113.0;11526;1.367119550704956
92,218;184,181;115.0;11309;1.0910661220550537
193,73;246,155;122.5;9893;0.9440004825592041
174,14;47,13;127.5;9451;0.760714054107666
98,64;67,165;128.0;10345;0.9291222095489502
210,14;245,126;129.5;8451;0.6183507442474365
110,12;158,116;132.0;10702;0.872854471206665
111,225;209,247;136.5;14368;1.4502472877502441
206,178;221,130;141.0;12131;1.1099238395690918
58,215;197,210;146.5;11325;0.9191074371337891
213,79;104,12;153.0;10905;0.9689536094665527
174,14;53,61;154.5;12635;1.05513334274292
107,107;174,224;158.0;18308;2.5082688331604004
175,196;25,217;162.0;16032;1.51177978515625
251,25;92,13;166.0;9439;0.7047812938690186
48,107;147,205;167.0;12078;1.0139150619506836
109,23;20,118;167.5;15393;1.3517897129058838
85,17;164,127;169.0;13974;1.1529724597930908
242,243;228,81;169.5;11543;0.9012887477874756
248,41;96,27;170.0;10217;0.760169506072998
139,20;47,95;173.0;15275;1.3045225143432617
34,60;112,161;174.0;6338;0.3679194450378418
35,22;99,134;177.5;5238;0.2932455539703369
74,96;158,39;177.5;19090;2.4260122776031494
104,224;240,165;180.5;17929;1.7731406688690186
86,165;64,8;183.5;20635;2.3339176177978516
197,200;22,218;184.0;17788;1.7712748050689697
249,212;145,129;191.5;15988;1.3761627674102783
95,104;199,37;193.0;24855;3.3642313480377197
67,106;16,217;198.0;22561;2.764849901199341
144,186;16,140;202.5;21142;2.160471200942993
129,252;44,200;207.5;13563;1.1969456672668457
33,186;222,222;208.0;16169;1.3607077598571777
95,165;74,69;214.0;25624;2.952120780944824
45,11;131,132;218.5;14964;1.1871509552001953
160,76;219,176;226.0;17543;1.4945917129516602
33,218;26,98;226.5;17696;1.5131800174713135
232,113;99,205;230.0;20635;1.893493413925171
101,200;34,49;232.0;22892;2.26625919342041
23,57;32,171;232.0;11853;0.921971321105957
84,199;43,20;232.5;23692;2.3111319541931152
72,207;60,11;233.5;22382;2.103677272796631
127,222;236,88;233.5;21681;2.0313222408294678
210,114;53,6;235.0;20998;1.9107871055603027
246,154;122,9;235.0;22467;2.268094301223755
146,35;24,66;238.0;18832;1.5401122570037842
59,7;136,204;241.5;19793;1.7432286739349365
92,222;32,49;242.5;22608;2.0710058212280273
248,214;147,47;245.5;23911;2.2418406009674072
34,62;114,223;246.0;14655;1.34328293800354
43,95;220,216;250.5;25559;2.9679694175720215
85,193;221,120;251.0;26726;2.6589279174804688
110,227;22,51;252.5;22988;2.1186134815216064
71,30;167,204;252.5;23732;2.3318798542022705
68,59;245,79;257.0;18845;1.5810012817382812
236,125;65,162;267.5;25155;2.483700752258301
155,70;209,254;268.0;22418;1.9174175262451172
88,7;34,244;277.0;29457;3.1068544387817383
233,31;143,174;279.5;23557;2.048025608062744
106,232;137,45;283.0;26084;2.3981831073760986
218,32;168,255;284.5;24073;2.065441370010376
170,13;187,197;288.0;25987;2.5684454441070557
129,42;197,217;288.5;29982;3.361248731613159
53,218;155,58;303.0;27875;2.497555732727051
107,15;208,243;311.5;33271;3.390005350112915
245,12;145,248;315.0;25661;2.2408924102783203
166,41;86,254;316.5;31529;3.302987813949585
200,249;147,16;320.5;29231;2.691441059112549
225,229;32,55;322.5;31370;2.944356679916382
51,226;231,77;325.0;29225;2.5641117095947266
146,75;43,217;325.0;31546;3.0651543140411377
45,200;215,80;329.5;30139;2.6775150299072266
29,126;125,142;349.5;32613;3.5847649574279785
29,167;197,106;355.0;32125;2.977792978286743
181,123;19,213;359.0;31618;2.7661890983581543
138,133;26,160;365.0;30342;2.583353281021118
249,134;34,130;371.0;32335;3.097046136856079
213,75;18,221;371.5;32698;2.9902544021606445
244,213;54,68;380.5;33951;3.048614025115967
