Initial Point;Final Point;Total Cost;Expanded States;Execution time
102,158;95,125;36.5;34;0.0030832290649414062
107,15;208,243;326.5;8208;1.9712915420532227
109,71;225,143;218.0;2172;0.20110177993774414
110,12;158,116;153.5;2807;0.39718079566955566
110,58;230,52;143.0;1685;0.20137715339660645
116,18;106,76;63.0;59;0.0072362422943115234
117,24;223,93;148.0;429;0.04941201210021973
119,61;180,61;92.0;774;0.06134653091430664
119,65;4,24;147.5;2301;0.272064208984375
121,45;72,142;129.5;750;0.10603809356689453
12,198;222,85;266.5;402;0.0694422721862793
125,36;104,35;21.5;22;0.0015032291412353516
128,129;145,20;149.0;1169;0.0888819694519043
138,133;26,160;140.5;1579;0.16600418090820312
138,225;83,166;86.5;60;0.0036423206329345703
139,20;47,95;134.0;107;0.00949239730834961
142,144;70,198;106.5;88;0.0059320926666259766
142,225;190,82;214.0;5798;1.0492088794708252
149,201;68,130;128.0;232;0.01683640480041504
151,240;163,194;57.0;291;0.01996445655822754
155,182;224,150;85.0;105;0.007467746734619141
155,233;50,81;211.5;168;0.017641067504882812
160,40;38,149;249.5;12190;2.784639358520508
163,247;215,93;225.0;4367;0.7086324691772461
165,236;22,79;237.0;214;0.0157163143157959
167,173;232,224;90.5;66;0.004535675048828125
170,13;187,197;251.0;4702;0.6526458263397217
170,189;208,101;148.5;4271;0.6638896465301514
174,14;53,61;241.5;4584;0.67250657081604
176,84;192,2;105.5;1505;0.16480207443237305
178,93;60,106;146.5;1661;0.17203950881958008
179,98;170,115;21.5;18;0.0010571479797363281
181,174;207,0;215.5;2285;0.3074672222137451
18,17;217,162;359.0;14198;3.6301846504211426
185,232;187,173;110.5;1259;0.08341670036315918
186,111;186,108;3;4;0.00021529197692871094
186,4;224,191;240.0;5631;1.0802123546600342
188,81;212,173;129.5;1503;0.13577771186828613
189,12;113,184;267.5;4775;0.8800101280212402
193,73;246,155;214.0;8175;1.0482306480407715
19,44;35,1;51.0;44;0.004136562347412109
197,209;143,116;210.5;9836;1.3835015296936035
203,75;80,68;162.5;3158;0.4172077178955078
206,178;221,130;55.5;49;0.004677772521972656
206,44;40,3;249.5;6360;0.858187198638916
207,182;45,6;335.5;5464;1.286233901977539
211,187;232,230;53.5;44;0.003458738327026367
212,2;69,180;262.5;702;0.06501579284667969
225,132;209,140;20.0;17;0.0009753704071044922
227,80;224,124;45.5;45;0.004704952239990234
229,123;71,140;223.0;4938;0.7403616905212402
230,202;216,106;110.0;277;0.028162002563476562
231,93;211,126;43.0;34;0.002351045608520508
235,107;229,84;26.0;24;0.002242565155029297
235,183;226,234;55.5;52;0.006083011627197266
235,237;28,22;366.5;3950;1.2260589599609375
236,53;88,85;186.5;3895;0.539482593536377
239,44;101,83;185.5;3775;0.5218987464904785
240,47;102,52;158.5;1549;0.16845941543579102
240,95;205,243;173.5;3083;0.7200145721435547
241,216;222,60;195.5;4327;0.7550311088562012
244,213;54,68;298.0;3135;0.7241454124450684
245,107;181,184;109.0;78;0.005387544631958008
25,73;47,190;169.5;3868;0.47520923614501953
29,110;182,107;174.5;2728;0.31606078147888184
30,3;240,169;388.0;14318;3.7133748531341553
31,223;179,0;395.5;12168;2.875507116317749
33,218;26,98;259.5;4126;0.3958699703216553
35,10;114,152;194.5;2270;0.41866207122802734
35,77;219,209;271.5;2854;0.7693543434143066
36,107;248,0;286.0;3696;0.8658962249755859
42,31;247,202;345.0;4384;0.9981346130371094
44,82;227,219;275.0;3510;0.9275813102722168
45,70;241,106;262.5;7870;1.3675053119659424
48,107;147,205;161.0;156;0.01522207260131836
53,225;243,60;314.5;697;0.06466555595397949
54,6;166,184;298.0;6588;1.571669578552246
55,186;169,9;295.5;8216;1.938312292098999
56,194;243,181;213.5;3711;0.657081127166748
57,223;114,64;268.5;7711;1.282865047454834
57,238;4,11;334.5;6654;0.8870625495910645
58,112;205,70;198.0;4766;0.7806179523468018
58,45;165,179;240.0;7450;1.579242467880249
59,7;136,204;267.5;4164;0.7841520309448242
60,189;177,178;141.5;1942;0.20469141006469727
6,17;194,4;300.0;8249;1.2035698890686035
62,174;173,183;128.5;1411;0.15810823440551758
68,194;173,246;131.0;211;0.01668238639831543
68,59;245,79;224.5;4180;0.6425914764404297
72,123;23,242;210.0;5890;0.8261334896087646
74,96;158,39;115.5;91;0.008676290512084961
81,233;59,192;86.5;1403;0.10791897773742676
81,98;221,64;185.5;2696;0.32456421852111816
89,208;93,129;106.0;872;0.07344365119934082
91,170;144,41;197.0;3192;0.39671969413757324
92,218;184,181;110.5;102;0.009157657623291016
92,96;68,194;135.0;1598;0.17434310913085938
93,165;191,48;171.5;129;0.012761116027832031
95,165;74,69;120.0;1472;0.1716001033782959
97,165;47,236;137.0;2143;0.21665215492248535