Initial Point;Final Point;Total Cost;Expanded States;Execution time
186,111;186,108;3;4;0.00022912025451660156
225,132;209,140;20.0;81;0.0049207210540771484
179,98;170,115;21.5;90;0.005465030670166016
125,36;104,35;21.5;42;0.003093242645263672
235,107;229,84;26.0;126;0.0077724456787109375
102,158;95,125;36.5;157;0.009301185607910156
231,93;211,126;43.0;277;0.016446590423583984
227,80;224,124;45.5;166;0.010622262954711914
19,44;35,1;51.0;476;0.0301358699798584
211,187;232,230;53.5;398;0.023958683013916016
206,178;221,130;55.5;538;0.03447580337524414
235,183;226,234;55.5;430;0.02872323989868164
151,240;163,194;57.0;469;0.031044483184814453
116,18;106,76;63.0;539;0.03830766677856445
155,182;224,150;85.0;974;0.06707382202148438
138,225;83,166;86.5;279;0.018567562103271484
81,233;59,192;86.5;1392;0.10577011108398438
167,173;232,224;90.5;772;0.05097317695617676
119,61;180,61;92.0;965;0.07690310478210449
176,84;192,2;105.5;1585;0.14954710006713867
89,208;93,129;106.0;1228;0.10916662216186523
142,144;70,198;106.5;756;0.05663561820983887
245,107;181,184;109.0;797;0.0529634952545166
230,202;216,106;110.0;617;0.04977679252624512
92,218;184,181;110.5;1743;0.12984991073608398
185,232;187,173;110.5;1735;0.12186670303344727
74,96;158,39;115.5;1641;0.1538100242614746
95,165;74,69;120.0;2069;0.17199969291687012
149,201;68,130;128.0;1504;0.15371370315551758
62,174;173,183;128.5;1797;0.15377187728881836
121,45;72,142;129.5;2273;0.22242522239685059
188,81;212,173;129.5;2667;0.23379278182983398
68,194;173,246;131.0;1147;0.08048272132873535
139,20;47,95;134.0;2088;0.2653501033782959
92,96;68,194;135.0;1694;0.170396089553833
97,165;47,236;137.0;3063;0.2979598045349121
138,133;26,160;140.5;2570;0.2575039863586426
60,189;177,178;141.5;2450;0.24211406707763672
110,58;230,52;143.0;1868;0.2336270809173584
178,93;60,106;146.5;1950;0.1943812370300293
119,65;4,24;147.5;2812;0.2770726680755615
117,24;223,93;148.0;2500;0.3449826240539551
170,189;208,101;148.5;4722;0.6869790554046631
128,129;145,20;149.0;1274;0.1118171215057373
110,12;158,116;153.5;4006;0.5137269496917725
240,47;102,52;158.5;1832;0.1594069004058838
48,107;147,205;161.0;2789;0.34247398376464844
203,75;80,68;162.5;4303;0.6157867908477783
25,73;47,190;169.5;4244;0.45877838134765625
93,165;191,48;171.5;1950;0.23237061500549316
240,95;205,243;173.5;3497;0.35751938819885254
29,110;182,107;174.5;3375;0.3771653175354004
58,112;205,70;184.0;4064;0.49438023567199707
81,98;221,64;185.5;2952;0.27361130714416504
239,44;101,83;185.5;4621;0.5971393585205078
236,53;88,85;186.5;3973;0.5047354698181152
91,170;144,41;192.0;5925;0.8390097618103027
35,10;114,152;194.5;4164;0.6137363910675049
241,216;222,60;195.5;4993;0.642169713973999
72,123;23,242;210.0;7951;1.1221940517425537
197,209;143,116;210.5;9444;1.224860429763794
155,233;50,81;211.5;2734;0.2371997833251953
56,194;243,181;213.5;3558;0.3511838912963867
142,225;190,82;214.0;7914;1.2783260345458984
193,73;246,155;214.0;8614;0.8895626068115234
181,174;207,0;215.5;3310;0.461195707321167
163,247;215,93;217.0;7978;1.4170396327972412
109,71;225,143;218.0;5730;0.7259011268615723
229,123;71,140;223.0;7271;0.8765597343444824
68,59;245,79;224.5;4575;0.6031579971313477
165,236;22,79;237.0;2448;0.20277142524719238
58,45;165,179;240.0;9524;1.371175765991211
186,4;224,191;240.0;7295;1.248237133026123
174,14;53,61;241.5;5509;0.673267126083374
206,44;40,3;249.5;8025;0.930091381072998
160,40;38,149;249.5;13232;2.423532485961914
170,13;187,197;251.0;6181;0.5909597873687744
45,70;241,106;253.0;8720;1.3478724956512451
33,218;26,98;254.5;4700;0.40421128273010254
212,2;69,180;259.5;3481;0.45940327644348145
189,12;113,184;264.5;6849;0.9056224822998047
12,198;222,85;266.5;3607;0.32806825637817383
59,7;136,204;267.5;6056;1.0273230075836182
57,223;114,64;268.5;8191;1.1280462741851807
35,77;219,209;271.5;8879;1.4104020595550537
44,82;227,219;275.0;8850;1.3448891639709473
36,107;248,0;286.0;8814;1.853954792022705
55,186;169,9;295.5;16338;4.42696738243103
54,6;166,184;298.0;11033;1.8458011150360107
244,213;54,68;298.0;8355;1.2264971733093262
6,17;194,4;300.0;9585;1.2860100269317627
53,225;243,60;314.5;6371;1.0133514404296875
107,15;208,243;326.5;11174;1.546332836151123
57,238;4,11;329.5;8685;0.9938325881958008
207,182;45,6;335.5;15923;3.399975538253784
42,31;247,202;345.0;11329;1.7984085083007812
18,17;217,162;355.0;18939;2.969379425048828
235,237;28,22;366.5;13475;2.8628761768341064
30,3;240,169;388.0;22229;3.857445240020752
31,223;179,0;395.5;16471;3.8151657581329346
