Initial Point;Final Point;Total Cost;Expanded States;Execution time
102,158;95,125;36.5;34;0.0018863677978515625
107,15;208,243;360.5;1306;0.04908871650695801
109,71;225,143;359.5;1569;0.05792355537414551
110,12;158,116;168.0;386;0.014223337173461914
110,58;230,52;155.5;297;0.01069331169128418
116,18;106,76;63.0;59;0.0028977394104003906
117,24;223,93;164.5;175;0.006963014602661133
119,61;180,61;104.5;462;0.01785111427307129
119,65;4,24;214.0;2267;0.08655166625976562
121,45;72,142;131.5;132;0.005651712417602539
12,198;222,85;319.5;395;0.015149354934692383
125,36;104,35;21.5;22;0.0009052753448486328
128,129;145,20;150.0;324;0.011781930923461914
138,133;26,160;150.0;427;0.016361713409423828
138,225;83,166;86.5;60;0.0031833648681640625
139,20;47,95;135.0;103;0.004809141159057617
142,144;70,198;106.5;88;0.003705263137817383
142,225;190,82;221.0;224;0.008362293243408203
149,201;68,130;138.0;136;0.005400657653808594
151,240;163,194;70.5;429;0.017571210861206055
155,182;224,150;90.0;77;0.003612995147705078
155,233;50,81;211.5;165;0.006944417953491211
160,40;38,149;287.5;2496;0.09743905067443848
163,247;215,93;230.0;263;0.009900331497192383
165,236;22,79;241.0;179;0.007750988006591797
167,173;232,224;90.5;66;0.0033636093139648438
170,13;187,197;403.5;3626;0.13570666313171387
170,189;208,101;148.5;421;0.018161296844482422
174,14;53,61;293.5;1489;0.054678916931152344
176,84;192,2;109.5;125;0.004800081253051758
178,93;60,106;151.5;152;0.005509853363037109
179,98;170,115;21.5;18;0.0007660388946533203
181,174;207,0;221.0;219;0.008564472198486328
18,17;217,162;465.0;2963;0.10884785652160645
185,232;187,173;116.0;1089;0.041875362396240234
186,111;186,108;3;4;0.00017690658569335938
186,4;224,191;266.0;404;0.014788150787353516
188,81;212,173;141.5;672;0.02508997917175293
189,12;113,184;308.0;1061;0.039124250411987305
193,73;246,155;240.0;2883;0.10950589179992676
19,44;35,1;51.0;44;0.002331256866455078
197,209;143,116;291.0;4278;0.16963410377502441
203,75;80,68;195.0;742;0.027350902557373047
206,178;221,130;55.5;49;0.0025513172149658203
206,44;40,3;330.5;4019;0.1495811939239502
207,182;45,6;389.0;497;0.018053293228149414
211,187;232,230;53.5;44;0.0022704601287841797
212,2;69,180;275.0;838;0.03124070167541504
225,132;209,140;20.0;17;0.0007295608520507812
227,80;224,124;45.5;45;0.0022361278533935547
229,123;71,140;250.0;496;0.01851034164428711
230,202;216,106;112.0;372;0.013456583023071289
231,93;211,126;43.0;34;0.0018515586853027344
235,107;229,84;26.0;24;0.0014543533325195312
235,183;226,234;55.5;52;0.0027015209197998047
235,237;28,22;450.0;759;0.028521299362182617
236,53;88,85;268.0;989;0.0363163948059082
239,44;101,83;294.5;1469;0.05580306053161621
240,47;102,52;172.5;242;0.008979558944702148
240,95;205,243;187.0;289;0.011590003967285156
241,216;222,60;199.5;705;0.025643110275268555
244,213;54,68;345.5;612;0.02191615104675293
245,107;181,184;109.0;78;0.00385284423828125
25,73;47,190;172.0;177;0.006737470626831055
29,110;182,107;186.5;1567;0.05862689018249512
30,3;240,169;585.5;4390;0.16294407844543457
31,223;179,0;502.5;1551;0.05545163154602051
33,218;26,98;379.0;3965;0.1421356201171875
35,10;114,152;264.0;1475;0.055725812911987305
35,77;219,209;334.0;1507;0.05502963066101074
36,107;248,0;326.5;666;0.02504420280456543
42,31;247,202;456.5;2794;0.10093164443969727
44,82;227,219;359.5;2899;0.10790657997131348
45,70;241,106;288.5;1785;0.06825566291809082
48,107;147,205;164.5;1001;0.03718209266662598
53,225;243,60;345.0;392;0.015284299850463867
54,6;166,184;415.5;2896;0.10826253890991211
55,186;169,9;326.0;1946;0.07256793975830078
56,194;243,181;245.0;730;0.027346372604370117
57,223;114,64;434.5;2864;0.10685586929321289
57,238;4,11;570.0;4479;0.162827730178833
58,112;205,70;225.0;937;0.060147762298583984
58,45;165,179;352.5;2810;0.10329365730285645
59,7;136,204;376.5;2057;0.07650232315063477
60,189;177,178;157.0;359;0.013405084609985352
6,17;194,4;403.0;2226;0.08365082740783691
62,174;173,183;141.0;333;0.012339115142822266
68,194;173,246;139.0;331;0.012129783630371094
68,59;245,79;282.0;1352;0.0502018928527832
72,123;23,242;247.5;1492;0.05307745933532715
74,96;158,39;115.5;91;0.0043811798095703125
81,233;59,192;88.5;1901;0.06951689720153809
81,98;221,64;202.0;664;0.02627110481262207
89,208;93,129;106.0;123;0.004621267318725586
91,170;144,41;199.5;384;0.014616012573242188
92,218;184,181;111.5;100;0.004470109939575195
92,96;68,194;135.5;139;0.005397319793701172
93,165;191,48;171.5;129;0.00589299201965332
95,165;74,69;124.0;179;0.007226228713989258
97,165;47,236;175.0;795;0.029787540435791016