Initial Point;Final Point;Total Cost;Expanded States;Execution time
186,111;186,108;3;83;0.00368499755859375
225,132;209,140;20.0;69406;2.527902841567993
179,98;170,115;21.5;92736;3.380535364151001
125,36;104,35;21.5;90753;3.315156936645508
235,107;229,84;26.0;186447;6.778869152069092
102,158;95,125;36.5;400826;14.232653141021729
231,93;211,126;43.0;1066778;38.1832594871521
227,80;224,124;45.5;917034;34.30408000946045
19,44;35,1;51.0;1693766;62.670435428619385
211,187;232,230;53.5;2645346;96.78131222724915
206,178;221,130;55.5;3073754;107.24971532821655
235,183;226,234;55.5;1753279;61.507609605789185
151,240;163,194;57.0;2565796;91.81169033050537
116,18;106,76;63.0;3677001;133.48469066619873
155,182;224,150;85.0;12227326;443.6037983894348
138,225;83,166;86.5;14435709;539.0718374252319
81,233;59,192;86.5;6899864;249.6795256137848
167,173;232,224;90.5;14057414;515.7754352092743
119,61;180,61;92.0;16341646;585.2685389518738
176,84;192,2;105.5;23841791;882.3843920230865
89,208;93,129;106.0;19834773;692.6941525936127
142,144;70,198;106.5;9769123;336.3494815826416
245,107;181,184;109.0;22677851;841.5725066661835
230,202;216,106;110.0;32836604;1188.3177564144135
92,218;184,181;110.5;25162759;878.0102181434631
185,232;187,173;110.5;21304238;773.3875212669373
74,96;158,39;115.5;47312849;1729.2849924564362
95,165;74,69;120.0;44957080;1572.3365874290466
149,201;68,130;128.0;60832569;2235.1850430965424
62,174;173,183;128.5;46695899;1677.1581358909607
121,45;72,142;129.5;55797562;2068.670754671097
188,81;212,173;129.5;53912720;1958.5517127513885
68,194;173,246;131.0;44103719;1547.7223887443542
139,20;47,95;134.0;42511165;1567.0851275920868
92,96;68,194;135.0;67165513;2482.5933809280396
97,165;47,236;137.0;71788232;2588.865846157074
138,133;26,160;140.5;51952503;1867.1192524433136
60,189;177,178;141.5;58197805;2092.869442462921
110,58;230,52;143.0;78211492;2832.220277070999
178,93;60,106;146.5;75683605;2728.459702730179
119,65;4,24;147.5;79296853;2827.3210637569427
117,24;223,93;148.0;64324280;2302.799694299698
170,189;208,101;148.5;104696367;3767.5489621162415
128,129;145,20;149.0;75090186;2710.285850048065
110,12;158,116;153.5;54725716;1988.2861988544464
240,47;102,52;158.5;75072422;2673.537546634674
48,107;147,205;161.0;125048862;4523.190753936768
203,75;80,68;162.5;127387110;4557.811712741852
25,73;47,190;169.5;101558650;3673.256383419037
93,165;191,48;171.5;177263738;6381.183486938477
240,95;205,243;173.5;131227338;4750.252241134644
29,110;182,107;174.5;146101185;5505.070004940033
58,112;205,70;184.0;227451536;8226.404734373093
81,98;221,64;185.5;222131892;8064.671043872833
239,44;101,83;185.5;129424186;4631.466246843338
236,53;88,85;186.5;146774026;5386.621509313583
91,170;144,41;192.0;280607915;9909.311743021011
35,10;114,152;194.5;128212757;4667.016672372818
241,216;222,60;195.5;177706777;6479.18941450119
72,123;23,242;210.0;391144014;14469.96629023552
197,209;143,116;210.5;292792198;10537.06621336937
155,233;50,81;211.5;251849303;9041.950355768204
56,194;243,181;213.5;255771276;9134.48941040039
142,225;190,82;214.0;354939406;13060.00077342987
193,73;246,155;214.0;322511750;11604.281478881836
181,174;207,0;215.5;313647415;11501.312054395676
163,247;215,93;217.0;272170011;9881.187189817429
109,71;225,143;218.0;327920826;12194.904626369476
229,123;71,140;223.0;325106684;11660.927225589752
68,59;245,79;224.5;383953724;14100.256679296494
