Initial Point;Final Point;Total Cost;Expanded States;Execution time
102,158;95,125;36.5;1617;0.10507059097290039
107,15;208,243;326.5;36627;4.204875946044922
109,71;225,143;218.0;27514;3.2300679683685303
110,12;158,116;153.5;12498;1.2387588024139404
110,58;230,52;143.0;15997;1.806649923324585
116,18;106,76;63.0;3408;0.2505764961242676
117,24;223,93;148.0;13547;1.4135241508483887
119,61;180,61;92.0;7028;0.6052279472351074
119,65;4,24;147.5;15876;1.754908800125122
121,45;72,142;129.5;12804;1.3254668712615967
12,198;222,85;266.5;30170;3.870152473449707
125,36;104,35;21.5;1053;0.07965373992919922
128,129;145,20;149.0;20384;2.979642868041992
138,133;26,160;140.5;16956;2.3844563961029053
138,225;83,166;86.5;7748;0.7008233070373535
139,20;47,95;134.0;11876;1.2137963771820068
142,144;70,198;106.5;5452;0.40395092964172363
142,225;190,82;214.0;26945;3.1618831157684326
149,201;68,130;128.0;15283;1.7340924739837646
151,240;163,194;57.0;3395;0.2547163963317871
155,182;224,150;85.0;7497;0.6928958892822266
155,233;50,81;211.5;22904;2.3990108966827393
160,40;38,149;249.5;31944;3.8374857902526855
163,247;215,93;217.0;21765;2.1388297080993652
165,236;22,79;237.0;25717;2.7844412326812744
167,173;232,224;90.5;8441;0.8113222122192383
170,13;187,197;251.0;19171;1.8379545211791992
170,189;208,101;148.5;16264;1.6803860664367676
174,14;53,61;241.5;18288;1.730790376663208
176,84;192,2;105.5;9766;0.971419095993042
178,93;60,106;146.5;16228;1.7169852256774902
179,98;170,115;21.5;1069;0.07783722877502441
181,174;207,0;215.5;27130;3.1582820415496826
18,17;217,162;355.0;35806;3.84550142288208
185,232;187,173;110.5;8862;0.807976484298706
186,111;186,108;3;26;0.0012316703796386719
186,4;224,191;240.0;19275;1.9081950187683105
188,81;212,173;129.5;13613;1.4688518047332764
189,12;113,184;264.5;25918;2.949568033218384
193,73;246,155;214.0;29623;3.8558948040008545
19,44;35,1;51.0;2707;0.1927351951599121
197,209;143,116;210.5;23893;2.6280243396759033
203,75;80,68;162.5;17498;1.7832951545715332
206,178;221,130;55.5;4749;0.4484586715698242
206,44;40,3;249.5;32457;4.170036792755127
207,182;45,6;335.5;36739;4.187773704528809
211,187;232,230;53.5;4714;0.4697144031524658
212,2;69,180;259.5;24401;2.5812177658081055
225,132;209,140;20.0;985;0.07185125350952148
227,80;224,124;45.5;2710;0.21910333633422852
229,123;71,140;223.0;26487;3.0066885948181152
230,202;216,106;110.0;9319;0.842118501663208
231,93;211,126;43.0;2543;0.1905651092529297
235,107;229,84;26.0;1284;0.091156005859375
235,183;226,234;55.5;2838;0.2015693187713623
235,237;28,22;366.5;35967;3.682828664779663
236,53;88,85;186.5;17957;1.8119752407073975
239,44;101,83;185.5;16148;1.5301976203918457
240,47;102,52;158.5;12118;1.0652780532836914
240,95;205,243;173.5;18676;2.1376874446868896
241,216;222,60;195.5;15151;1.2896671295166016
244,213;54,68;298.0;31531;3.5240859985351562
245,107;181,184;109.0;8060;0.6637639999389648
25,73;47,190;169.5;16369;1.646627426147461
29,110;182,107;174.5;19678;2.245713472366333
30,3;240,169;388.0;37488;3.8035800457000732
31,223;179,0;395.5;37519;4.146695613861084
33,218;26,98;254.5;20608;2.221540689468384
35,10;114,152;194.5;13344;1.137805461883545
35,77;219,209;271.5;33870;3.9533045291900635
36,107;248,0;286.0;37697;4.555854320526123
42,31;247,202;345.0;36979;3.9499311447143555
44,82;227,219;275.0;35615;4.06396746635437
45,70;241,106;253.0;30909;3.427194833755493
48,107;147,205;161.0;20212;2.4119021892547607
53,225;243,60;314.5;32906;3.6164424419403076
54,6;166,184;298.0;26539;2.664039134979248
55,186;169,9;295.5;37596;5.155380964279175
56,194;243,181;213.5;28606;3.8230526447296143
57,223;114,64;268.5;27079;2.937227249145508
57,238;4,11;329.5;35825;4.031627416610718
58,112;205,70;184.0;25073;3.0971264839172363
58,45;165,179;240.0;26751;2.930022716522217
59,7;136,204;267.5;20925;1.8437674045562744
60,189;177,178;141.5;15365;1.768740177154541
6,17;194,4;300.0;25733;2.639312744140625
62,174;173,183;128.5;13264;1.5126852989196777
68,194;173,246;131.0;13756;1.4347238540649414
68,59;245,79;224.5;27087;3.0811774730682373
72,123;23,242;210.0;32269;4.470768213272095
74,96;158,39;115.5;13814;1.5872454643249512
81,233;59,192;86.5;4887;0.3635590076446533
81,98;221,64;185.5;23670;2.7336010932922363
89,208;93,129;106.0;10350;1.1091091632843018
91,170;144,41;192.0;31945;4.914118051528931
92,218;184,181;110.5;11006;1.1540064811706543
92,96;68,194;135.0;14904;1.6145899295806885
93,165;191,48;171.5;26556;3.822700023651123
95,165;74,69;120.0;14973;1.8029398918151855
97,165;47,236;137.0;19000;2.5698037147521973