Initial Point;Final Point;Total Cost;Expanded States;Execution time
0,26;241,249;409.5;2003;0.5663037300109863
105,38;120,145;114.5;245;0.025141477584838867
106,232;137,45;205.5;2198;0.398104190826416
107,107;174,224;167.5;1038;0.12707877159118652
107,145;38,205;124.0;1672;0.2422029972076416
108,44;156,153;172.5;6069;1.1204185485839844
109,199;12,208;101.5;98;0.014132499694824219
109,71;225,143;288.0;16939;3.530468702316284
110,197;75,3;227.5;6034;1.446871042251587
110,58;230,52;154.5;3304;0.3759803771972656
121,45;72,142;134.0;2047;0.3023364543914795
12,198;222,85;410.0;34166;11.099764347076416
12,234;9,39;196.5;630;0.1340959072113037
125,31;249,142;228.0;5172;0.7038211822509766
12,58;209,151;396.5;31202;8.525234460830688
129,252;44,200;116.0;223;0.021729230880737305
129,42;197,217;276.0;10256;2.230168581008911
138,133;26,160;126.5;301;0.031308650970458984
14,106;172,125;232.5;2571;0.2450544834136963
144,100;190,106;154.5;2473;0.1734013557434082
146,75;43,217;245.5;4029;0.7838945388793945
147,0;184,248;337.0;9657;1.675652027130127
153,229;69,195;104.5;230;0.023847579956054688
155,182;224,150;148.0;1543;0.1105344295501709
155,233;50,81;217.5;3085;0.6086530685424805
155,70;209,254;313.5;7802;1.3011126518249512
15,68;5,31;42.0;45;0.003327608108520508
160,16;252,10;125.5;718;0.04891824722290039
161,18;58,97;144.0;107;0.00782632827758789
16,44;236,149;357.5;19837;5.468061923980713
165,236;22,79;255.0;4214;0.9275074005126953
167,173;232,224;107.0;194;0.012463569641113281
170,2;25,255;387.5;5969;1.763589859008789
174,14;53,61;144.5;239;0.027806520462036133
180,163;156,234;89.0;284;0.02126455307006836
182,4;107,231;300.5;628;0.12347650527954102
186,111;186,108;3;4;0.00021386146545410156
188,81;212,173;228.5;5214;0.6050481796264648
193,73;246,155;171.5;1856;0.20684075355529785
194,216;225,250;70.5;1070;0.10422539710998535
200,249;147,16;315.5;7995;1.3019354343414307
203,75;80,68;191.0;3076;0.29128432273864746
204,167;128,162;208.0;6364;0.8078873157501221
206,44;40,3;196.0;247;0.04117989540100098
208,116;54,252;345.5;1675;0.14022469520568848
211,187;232,230;53.5;52;0.003210783004760742
211,4;255,122;152.5;164;0.012939691543579102
212,163;135,232;146.0;1473;0.19979476928710938
212,2;69,180;274.0;2263;0.5494205951690674
213,75;18,221;405.0;8060;1.7736930847167969
2,190;247,16;401.0;6401;2.3700807094573975
219,145;255,247;127.0;125;0.009624004364013672
220,194;56,38;340.5;7895;1.5056540966033936
223,250;41,116;288.0;3911;0.9279899597167969
228,160;2,219;290.5;1970;0.25961947441101074
229,18;203,194;222.5;5708;0.8812899589538574
230,202;216,106;135.5;3000;0.3472566604614258
236,53;88,85;197.5;4982;0.6473515033721924
239,44;101,83;185.5;4825;0.696399450302124
248,214;147,47;284.5;10054;2.4182066917419434
249,107;7,21;323.0;4978;1.3732807636260986
250,96;147,148;336.0;22622;4.043171167373657
251,243;246,237;8.5;7;0.000354766845703125
253,105;26,206;347.0;6338;1.2533543109893799
253,159;137,60;245.5;6450;1.0118310451507568
253,253;118,50;321.0;5656;1.4038352966308594
254,55;23,108;298.5;7111;1.102447271347046
30,3;240,169;365.5;9696;3.373896598815918
30,93;152,2;200.5;2617;0.5091485977172852
31,223;179,0;331.0;2845;0.8141136169433594
31,82;226,17;258.5;3173;0.6706686019897461
33,218;26,98;245.0;11327;1.6344308853149414
39,184;149,32;217.5;694;0.1260547637939453
41,254;253,0;432.5;5512;1.1424148082733154
42,49;77,223;235.5;4791;0.7857606410980225
45,70;241,106;290.0;11648;1.931671142578125
57,223;114,64;187.5;160;0.025897502899169922
57,238;4,11;253.5;439;0.0852200984954834
58,112;205,70;233.0;9962;1.7976346015930176
58,18;149,22;105.5;960;0.08319997787475586
58,45;165,179;250.0;11618;2.6900715827941895
59,192;64,24;223.5;4160;0.5456979274749756
71,151;247,32;279.5;2511;0.6179618835449219
72,207;60,11;239.5;5247;0.7698674201965332
76,250;59,116;211.5;5031;0.931438684463501
76,32;70,170;175.0;5135;0.876920223236084
79,119;0,93;168.0;4155;0.46343493461608887
81,233;59,192;54.0;222;0.018253803253173828
85,17;164,127;151.0;135;0.009797096252441406
85,193;221,120;305.0;18952;3.847135305404663
90,104;124,184;98.0;220;0.024425506591796875
91,170;144,41;166.0;1123;0.13462448120117188
92,218;184,181;129.0;2614;0.4429473876953125
92,49;7,234;257.5;2708;0.5145483016967773
92,83;112,117;46.0;39;0.003303050994873047
95,104;199,37;171.5;3200;0.5634791851043701
95,165;74,69;129.5;1861;0.19138145446777344
97,165;47,236;99.5;290;0.02751469612121582
97,89;43,255;237.5;9038;2.2017250061035156
98,173;52,39;169.5;2741;0.3188014030456543