Initial Point;Final Point;Total Cost;Expanded States;Execution time
0,26;241,249;409.0;17517;4.15928840637207
105,38;120,145;114.5;1228;0.08461403846740723
106,232;137,45;205.5;3612;0.47667527198791504
107,107;174,224;167.5;3437;0.36846494674682617
107,145;38,205;115.5;2826;0.3739035129547119
108,44;156,153;172.5;7312;1.2409183979034424
109,199;12,208;101.5;176;0.01735973358154297
109,71;225,143;288.0;22578;4.055452346801758
110,197;75,3;226.5;8564;2.301424980163574
110,58;230,52;154.5;3681;0.3927183151245117
121,45;72,142;134.0;3682;0.5725395679473877
12,198;222,85;410.0;37481;9.064042806625366
12,234;9,39;196.5;586;0.05135989189147949
125,31;249,142;228.0;8659;1.3419458866119385
12,58;209,151;396.5;35209;7.72472620010376
129,252;44,200;116.0;1307;0.09269452095031738
129,42;197,217;276.0;14273;2.598353862762451
138,133;26,160;125.5;1576;0.11441326141357422
14,106;172,125;232.5;2506;0.17740440368652344
144,100;190,106;154.5;2622;0.17484521865844727
146,75;43,217;243.5;6997;1.4861400127410889
147,0;184,248;337.0;14258;3.1496658325195312
153,229;69,195;102.5;1229;0.08827447891235352
155,182;224,150;148.0;2647;0.1905972957611084
155,233;50,81;217.5;5552;0.9716718196868896
155,70;209,254;313.5;11150;1.8211145401000977
15,68;5,31;42.0;230;0.013657093048095703
160,16;252,10;125.5;1005;0.07515692710876465
161,18;58,97;144.0;1724;0.18348407745361328
16,44;236,149;357.5;23221;4.331424951553345
165,236;22,79;255.0;8358;1.6027467250823975
167,173;232,224;107.0;1028;0.0729830265045166
170,2;25,255;381.0;21288;8.638808488845825
174,14;53,61;144.5;2523;0.20642852783203125
180,163;156,234;89.0;740;0.06624174118041992
182,4;107,231;283.5;4982;0.6246848106384277
186,111;186,108;3;4;0.00021886825561523438
188,81;212,173;228.5;6587;0.687636137008667
193,73;246,155;171.5;3809;0.30426955223083496
194,216;225,250;70.5;1371;0.13294434547424316
200,249;147,16;315.5;8973;1.236849308013916
203,75;80,68;191.0;3569;0.31291651725769043
204,167;128,162;208.0;7387;0.8678476810455322
206,44;40,3;196.0;1179;0.10933494567871094
208,116;54,252;343.5;6585;0.6673243045806885
211,187;232,230;53.5;264;0.014712810516357422
211,4;255,122;152.5;1529;0.10651063919067383
212,163;135,232;145.5;2016;0.17136836051940918
212,2;69,180;274.0;5300;0.8243799209594727
213,75;18,221;385.0;19540;5.516165733337402
2,190;247,16;401.0;20804;5.347568511962891
219,145;255,247;127.0;1754;0.1722719669342041
220,194;56,38;339.0;9371;1.036933183670044
223,250;41,116;288.0;10933;2.469789505004883
228,160;2,219;290.0;2761;0.24935293197631836
229,18;203,194;222.5;7208;0.9132211208343506
230,202;216,106;135.5;3486;0.39199352264404297
236,53;88,85;197.5;4914;0.6536812782287598
239,44;101,83;185.5;5078;0.7685074806213379
248,214;147,47;284.5;11622;1.5223047733306885
249,107;7,21;323.0;6259;0.8427600860595703
250,96;147,148;336.0;23044;3.3631651401519775
251,243;246,237;8.5;12;0.0006349086761474609
253,105;26,206;347.0;9253;1.0796544551849365
253,159;137,60;245.5;6915;0.7228639125823975
253,253;118,50;321.0;11629;1.5871882438659668
254,55;23,108;298.5;11177;2.150938034057617
30,3;240,169;365.5;19425;3.704625368118286
30,93;152,2;196.5;5730;1.0249781608581543
31,223;179,0;331.0;13227;3.9137392044067383
31,82;226,17;258.0;6967;1.141303300857544
33,218;26,98;245.0;13729;1.9610447883605957
39,184;149,32;217.5;2468;0.2725663185119629
41,254;253,0;432.5;19964;4.681712865829468
42,49;77,223;233.5;6536;1.066206932067871
45,70;241,106;290.0;14861;2.289417028427124
57,223;114,64;187.5;2116;0.2019340991973877
57,238;4,11;253.5;2183;0.20706629753112793
58,112;205,70;233.0;11430;1.861600637435913
58,18;149,22;104.0;893;0.06268477439880371
58,45;165,179;250.0;13803;2.8490071296691895
59,192;64,24;222.0;5367;0.7175970077514648
71,151;247,32;279.5;8391;1.2435994148254395
72,207;60,11;238.0;5665;0.7734274864196777
76,250;59,116;211.5;6826;1.111772060394287
76,32;70,170;175.0;5118;0.8421666622161865
79,119;0,93;168.0;5166;0.515221357345581
81,233;59,192;54.0;412;0.03243875503540039
85,17;164,127;150.0;1220;0.11093521118164062
85,193;221,120;305.0;24147;4.2025697231292725
90,104;124,184;98.0;994;0.079925537109375
91,170;144,41;166.0;2465;0.2619147300720215
92,218;184,181;129.0;3738;0.47695159912109375
92,49;7,234;257.5;9117;1.8576648235321045
92,83;112,117;46.0;200;0.011452198028564453
95,104;199,37;171.5;4824;0.6760067939758301
95,165;74,69;129.5;2129;0.20379114151000977
97,165;47,236;96.5;609;0.047384023666381836
97,89;43,255;237.5;12087;3.0083582401275635
98,173;52,39;169.5;2848;0.3525726795196533