Initial Point;Final Point;Total Cost;Expanded States;Execution time
186,111;186,108;3;4;0.00018334388732910156
251,243;246,237;8.5;7;0.0003294944763183594
15,68;5,31;43.0;39;0.0020258426666259766
92,83;112,117;46.0;39;0.002130746841430664
211,187;232,230;54.5;45;0.0024199485778808594
81,233;59,192;65.0;375;0.014419317245483398
194,216;225,250;115.5;742;0.0276947021484375
180,163;156,234;89.0;78;0.003634929656982422
97,165;47,236;112.0;316;0.012239217758178711
90,104;124,184;104.0;89;0.0038487911224365234
109,199;12,208;101.5;98;0.004477977752685547
153,229;69,195;108.0;112;0.004900693893432617
58,18;149,22;128.0;326;0.022180795669555664
167,173;232,224;110.0;110;0.004310131072998047
105,38;120,145;126.0;129;0.0052950382232666016
107,145;38,205;170.0;485;0.01767253875732422
129,252;44,200;128.0;632;0.022822141647338867
160,16;252,10;146.0;379;0.01356196403503418
138,133;26,160;142.0;532;0.018551111221313477
219,145;255,247;128.0;118;0.004113674163818359
92,218;184,181;142.0;1392;0.04972124099731445
95,165;74,69;170.0;1090;0.04176211357116699
121,45;72,142;187.0;1144;0.04430699348449707
230,202;216,106;196.0;1173;0.04093027114868164
161,18;58,97;144.0;107;0.004839897155761719
174,14;53,61;155.5;144;0.005746364593505859
212,163;135,232;152.5;170;0.006380796432495117
155,182;224,150;186.0;937;0.03373980522155762
85,17;164,127;153.0;3290;0.12204289436340332
211,4;255,122;153.5;145;0.004777431488037109
144,100;190,106;187.5;3263;0.11666297912597656
110,58;230,52;167.5;492;0.019026994705200195
91,170;144,41;225.5;433;0.015530824661254883
107,107;174,224;205.5;531;0.01901721954345703
79,119;0,93;188.0;2824;0.10345053672790527
98,173;52,39;292.5;2363;0.08484029769897461
193,73;246,155;174.5;1289;0.04658961296081543
95,104;199,37;190.5;457;0.01661372184753418
108,44;156,153;330.5;4138;0.148667573928833
76,32;70,170;202.0;1266;0.04661870002746582
239,44;101,83;247.5;1411;0.05017662048339844
57,223;114,64;187.5;160;0.007158517837524414
203,75;80,68;211.5;896;0.03492283821105957
206,44;40,3;201.5;195;0.008360862731933594
30,93;152,2;277.0;1484;0.05611920356750488
12,234;9,39;205.0;209;0.0077991485595703125
236,53;88,85;251.5;1414;0.049643516540527344
106,232;137,45;318.5;2506;0.09115862846374512
204,167;128,162;225.5;1413;0.05151820182800293
76,250;59,116;392.5;2984;0.10962820053100586
155,233;50,81;321.0;2349;0.08622932434082031
39,184;149,32;238.5;334;0.012111425399780273
59,192;64,24;277.5;1785;0.06597018241882324
229,18;203,194;277.5;1231;0.0460813045501709
110,197;75,3;344.0;2718;0.10146784782409668
125,31;249,142;310.0;1324;0.048026323318481445
188,81;212,173;260.0;2270;0.08295512199401855
14,106;172,125;257.0;3311;0.12137889862060547
58,112;205,70;262.0;1408;0.05011582374572754
42,49;77,223;251.0;951;0.03661322593688965
97,89;43,255;414.0;4172;0.15480303764343262
72,207;60,11;348.0;2040;0.07435083389282227
146,75;43,217;385.5;2831;0.10517549514770508
33,218;26,98;318.5;3840;0.14135217666625977
253,159;137,60;283.0;1907;0.07178831100463867
58,45;165,179;316.0;1747;0.06320643424987793
57,238;4,11;256.5;233;0.009414911270141602
165,236;22,79;375.5;3168;0.1131131649017334
92,49;7,234;409.0;2928;0.10697793960571289
31,82;226,17;353.0;1020;0.03617668151855469
212,2;69,180;342.5;1440;0.05461573600769043
129,42;197,217;430.0;2522;0.09294986724853516
71,151;247,32;306.0;538;0.019039392471313477
182,4;107,231;307.5;315;0.012154817581176758
248,214;147,47;396.0;2047;0.07217717170715332
223,250;41,116;412.5;2672;0.0972139835357666
109,71;225,143;546.0;5955;0.21739888191223145
45,70;241,106;492.5;4584;0.16480565071105957
228,160;2,219;303.0;579;0.02197575569152832
254,55;23,108;448.5;2183;0.08014941215515137
85,193;221,120;599.0;6496;0.2305431365966797
155,70;209,254;455.5;3026;0.11349248886108398
200,249;147,16;475.0;3398;0.12236976623535156
253,253;118,50;458.5;1922;0.0706031322479248
249,107;7,21;407.5;911;0.033258676528930664
31,223;179,0;437.0;921;0.03333568572998047
250,96;147,148;409.5;4580;0.16855192184448242
147,0;184,248;424.0;3036;0.11372804641723633
220,194;56,38;443.5;1782;0.06407546997070312
208,116;54,252;365.5;1355;0.05082130432128906
253,105;26,206;391.0;2232;0.08298468589782715
16,44;236,149;632.5;4923;0.17974257469177246
30,3;240,169;462.5;1558;0.057474374771118164
170,2;25,255;555.0;3276;0.11687016487121582
213,75;18,221;439.5;1614;0.0604548454284668
12,58;209,151;589.0;4754;0.1732649803161621
2,190;247,16;445.5;850;0.03065776824951172
0,26;241,249;512.5;923;0.033225059509277344
12,198;222,85;536.0;4047;0.1457681655883789
41,254;253,0;528.5;1266;0.04647564888000488
