Initial Point;Final Point;Total Cost;Expanded States;Execution time
105,38;120,145;114.5;49647688;1722.1609690189362
106,232;137,45;205.5;326744195;11565.740609407425
107,107;174,224;167.5;182499475;6165.82306432724
107,145;38,205;115.5;45782734;1626.334949016571
108,44;156,153;172.5;222785832;7631.315901994705
109,199;12,208;101.5;33204967;1206.4742186069489
110,197;75,3;226.5;581451393;19868.141718387604
110,58;230,52;154.5;157714528;5521.24091219902
121,45;72,142;134.0;85341346;2935.3718235492706
12,234;9,39;196.5;161217429;5646.159483194351
125,31;249,142;228.0;476808670;16153.529080152512
129,252;44,200;116.0;23684339;811.4382045269012
138,133;26,160;125.5;32222058;1152.860060930252
14,106;172,125;232.5;288233530;9725.984879255295
144,100;190,106;154.5;71820660;2404.193121910095
146,75;43,217;243.5;568315238;21346.374601840973
153,229;69,195;102.5;22771910;811.1617980003357
155,182;224,150;148.0;66526718;2297.103235721588
155,233;50,81;217.5;363453137;12852.480955600739
15,68;5,31;42.0;602532;20.155778408050537
160,16;252,10;125.5;36609379;1345.277804851532
161,18;58,97;144.0;64638883;2216.8309557437897
167,173;232,224;107.0;15474841;534.1962156295776
174,14;53,61;144.5;47253801;1621.678221464157
180,163;156,234;89.0;6904291;231.66111063957214
186,111;186,108;3;82;0.0034301280975341797
188,81;212,173;228.5;309452935;10532.131222486496
193,73;246,155;171.5;114086126;3991.62988114357
194,216;225,250;70.5;5963349;202.4841582775116
203,75;80,68;191.0;150082330;5457.5573699474335
204,167;128,162;208.0;183471568;6535.82045841217
206,44;40,3;196.0;230189407;8339.248507022858
211,187;232,230;53.5;1459635;48.504372119903564
211,4;255,122;152.5;56628325;1904.2136464118958
212,163;135,232;145.5;53804824;1918.7159464359283
219,145;255,247;127.0;28705370;1003.5373315811157
229,18;203,194;222.5;241942686;8084.216042518616
230,202;216,106;135.5;59531541;2043.5194838047028
236,53;88,85;197.5;198601398;7017.565799474716
239,44;101,83;185.5;164874454;5824.770220041275
251,243;246,237;8.5;1646;0.054003238677978516
253,159;137,60;245.5;361508171;13262.992056369781
30,93;152,2;196.5;141333761;5085.957304477692
33,218;26,98;245.0;485230679;18370.398359298706
39,184;149,32;217.5;278713752;9389.427589416504
42,49;77,223;233.5;468634406;15933.994781255722
57,223;114,64;187.5;227683743;8332.696570158005
58,112;205,70;233.0;439569015;14915.477910041809
58,18;149,22;104.0;23784138;873.4581987857819
58,45;165,179;250.0;639183796;23870.41754412651
59,192;64,24;222.0;386783103;13338.856010437012
72,207;60,11;238.0;547399710;20378.720051527023
76,250;59,116;211.5;207304336;7342.475751876831
76,32;70,170;175.0;188697096;6447.893435955048
79,119;0,93;168.0;154655255;5268.019249916077
81,233;59,192;54.0;2135388;71.73893356323242
85,17;164,127;150.0;91230642;3152.7161073684692
90,104;124,184;98.0;22417473;766.3724761009216
91,170;144,41;166.0;170471420;6050.029119729996
92,218;184,181;129.0;75312598;2601.962305545807
92,83;112,117;46.0;1269525;41.61818838119507
95,104;199,37;171.5;186522633;6496.984092235565
95,165;74,69;129.5;64957272;2268.572263240814
97,165;47,236;96.5;22316958;782.23517370224
97,89;43,255;237.5;630251801;23037.741217136383
98,173;52,39;169.5;192156805;6612.323171615601