Initial Point;Final Point;Total Cost;Expanded States;Execution time
0,26;241,249;409.0;43932;4.6979546546936035
105,38;120,145;114.5;15398;1.851654052734375
106,232;137,45;205.5;28758;3.4088077545166016
107,107;174,224;167.5;28544;4.2113237380981445
107,145;38,205;115.5;16815;2.206286668777466
108,44;156,153;172.5;25905;3.1945555210113525
109,199;12,208;101.5;13998;1.705806016921997
109,71;225,143;288.0;42922;5.483202695846558
110,197;75,3;226.5;36508;4.676895380020142
110,58;230,52;154.5;23849;2.987330675125122
121,45;72,142;134.0;19495;2.3902180194854736
12,198;222,85;410.0;44953;4.673042297363281
12,234;9,39;196.5;18161;1.7482619285583496
125,31;249,142;228.0;33261;4.090827226638794
12,58;209,151;396.5;44795;4.721064329147339
129,252;44,200;116.0;11183;1.2910637855529785
129,42;197,217;276.0;40669;4.935103178024292
138,133;26,160;125.5;15049;2.0234534740448
14,106;172,125;232.5;28311;3.5406672954559326
144,100;190,106;154.5;18289;2.349740505218506
146,75;43,217;243.5;34584;4.234998464584351
147,0;184,248;337.0;43507;5.37999415397644
153,229;69,195;102.5;10709;1.1920828819274902
155,182;224,150;148.0;18147;2.2468369007110596
155,233;50,81;217.5;27479;3.1525042057037354
155,70;209,254;313.5;43861;5.361101150512695
15,68;5,31;42.0;1861;0.12422394752502441
160,16;252,10;125.5;13570;1.555238962173462
161,18;58,97;144.0;17049;2.0622451305389404
16,44;236,149;357.5;41252;4.430290699005127
165,236;22,79;255.0;33176;3.8862547874450684
167,173;232,224;107.0;8261;0.790414571762085
170,2;25,255;381.0;45071;5.250222206115723
174,14;53,61;144.5;14863;1.6840105056762695
180,163;156,234;89.0;4893;0.40541911125183105
182,4;107,231;283.5;34570;3.8630318641662598
186,111;186,108;3;27;0.0011637210845947266
188,81;212,173;228.5;26259;2.8749918937683105
193,73;246,155;171.5;15678;1.4752061367034912
194,216;225,250;70.5;6031;0.5513172149658203
200,249;147,16;315.5;39176;4.547880411148071
203,75;80,68;191.0;17214;1.6004154682159424
204,167;128,162;208.0;18977;1.8112666606903076
206,44;40,3;196.0;20188;1.9652295112609863
208,116;54,252;343.5;39883;4.390141010284424
211,187;232,230;53.5;3134;0.2525928020477295
211,4;255,122;152.5;12469;1.1628053188323975
212,163;135,232;145.5;11209;0.9571571350097656
212,2;69,180;274.0;30605;3.2756729125976562
213,75;18,221;385.0;43996;4.657905340194702
2,190;247,16;401.0;43698;4.6099693775177
219,145;255,247;127.0;8509;0.7212481498718262
220,194;56,38;339.0;40688;4.520832061767578
223,250;41,116;288.0;31763;3.355036497116089
228,160;2,219;290.0;27797;2.9624011516571045
229,18;203,194;222.5;21166;2.0690982341766357
230,202;216,106;135.5;10982;0.8897440433502197
236,53;88,85;197.5;17632;1.561546802520752
239,44;101,83;185.5;15599;1.3754985332489014
248,214;147,47;284.5;32013;3.4392881393432617
249,107;7,21;323.0;37296;4.243124723434448
250,96;147,148;336.0;39359;4.421658992767334
251,243;246,237;8.5;120;0.005720615386962891
253,105;26,206;347.0;41046;4.696212291717529
253,159;137,60;245.5;22932;2.158257484436035
253,253;118,50;321.0;34563;3.8529272079467773
254,55;23,108;298.5;33880;3.620129108428955
30,3;240,169;365.5;39552;4.239598989486694
30,93;152,2;196.5;22193;2.656726360321045
31,223;179,0;331.0;39660;4.472329378128052
31,82;226,17;258.0;32711;4.026093482971191
33,218;26,98;245.0;32036;3.8113338947296143
39,184;149,32;217.5;27723;3.3515353202819824
41,254;253,0;432.5;45004;4.6992223262786865
42,49;77,223;233.5;32079;3.825582504272461
45,70;241,106;290.0;39679;4.835860252380371
57,223;114,64;187.5;22701;2.3824634552001953
57,238;4,11;253.5;33603;4.001629829406738
58,112;205,70;233.0;34097;4.43760085105896
58,18;149,22;104.0;9843;0.9069247245788574
58,45;165,179;250.0;36099;4.366538047790527
59,192;64,24;222.0;31081;3.785153865814209
71,151;247,32;279.5;41602;5.303511381149292
72,207;60,11;238.0;35526;4.499391555786133
76,250;59,116;211.5;23408;2.7600088119506836
76,32;70,170;175.0;22551;2.4696950912475586
79,119;0,93;168.0;25758;3.5284340381622314
81,233;59,192;54.0;3667;0.3151702880859375
85,17;164,127;150.0;17488;1.8864390850067139
85,193;221,120;305.0;42697;5.1247241497039795
90,104;124,184;98.0;11733;1.394822597503662
91,170;144,41;166.0;25180;3.4493234157562256
92,218;184,181;129.0;17071;1.9533898830413818
92,49;7,234;257.5;37929;4.585197925567627
92,83;112,117;46.0;3583;0.32824039459228516
95,104;199,37;171.5;28089;4.080407381057739
95,165;74,69;129.5;17724;2.148237466812134
97,165;47,236;96.5;12109;1.420377492904663
97,89;43,255;237.5;38517;5.2193193435668945
98,173;52,39;169.5;26936;3.576427459716797